19.5
21.5
28.4
16.2
16.4
26.5
20.2
26.1
19.4
18.4
22.8
17.3
20.0
32.0
18.1
17.3
20.7
28.6
36.5
36.2
18.7
18.9
30.2
32.5
34.4
17.0
19.2
15.9
17.9
37.6
37.8
15.9
35.8
30.7
16.2
24.7
37.4
15.7
37.6
16.8
20.8
16.7
24.0
34.9
20.1
20.9
34.0
19.2
25.9
35.0
15.9
20.4
25.2
17.6
33.4
27.0
32.2
21.2
20.6
25.7
35.8
28.0
32.1
29.6
37.9
35.1
18.0
24.1
37.7
16.7
27.1
15.5
38.0
34.8
32.7
36.4
38.4
36.0
16.2
37.6
32.2
23.6
33.7
20.5
18.1
21.9
35.2
37.1
31.7
22.5
27.4
27.4
38.8
22.5
34.2
35.6
18.6
29.4
19.5
24.4
16.0
30.7
16.7
29.3
27.3
25.5
30.1
30.7
27.7
25.7
29.1
16.7
34.9
22.8
33.0
28.4
30.6
20.8
27.7
16.2
26.4
